9
next
75 140 15 #ff228b22
next
330 110 50 60
1
225 70 50 160
next
35 135 15 #ff228b22
next
420 110 60 80
2
300 130 50 195
150 0 50 175
next
35 135 15 #ff228b22
next
420 110 60 80
3
80 0 335 18
150 100 150 25
150 125 25 255
next
35 150 15 #ff228b22
next
420 110 60 80
2
312 77 108 25
312 101 25 199
75 187 112 25
162 0 25 188
next
35 135 15 #ff228b22
next
420 110 70 80
3
225 252 50 48
225 0 50 175
125 102 25 198
350 102 25 198
next
35 135 15 #ff228b22
next
420 110 60 80
3
0 70 100 100
245 160 10 150
400 70 125 100
next
35 250 15 #ff228b22
435 250 15 #fffa2230
next
235 20 30 30
3
0 137 370 26
320 150 30 75
next
35 38 15 #ff228b22
next
35 183 100 30
3
50 142 30 30
225 142 30 30
375 142 30 30
next
35 250 15 #ff228b22
35 35 15 #fffa2230
next
450 145 25 25
4